state	district	voteA	prtystrA	expendA	expendB
1	7	68	41	328.3	8.74
2	1	62	60	626.38	402.48
3	2	73	55	99.61	3.07
3	3	69	64	319.69	26.28
4	3	75	66	159.22	60.05
4	4	69	46	570.16	21.39
5	2	59	58	696.75	193.91
5	3	71	49	638.69	7.7
5	5	76	71	616.94	19.25
5	6	73	64	351.69	50.53
5	7	68	53	269.89	14.71
5	11	71	58	269.51	95.57
5	12	52	49	1440.64	1089.57
5	16	79	54	252.34	69.56
5	19	50	54	1470.67	1548.19
5	23	64	56	140.49	100.96
5	24	72	65	191.33	15.45
5	27	68	54	398.6	15.24
5	30	60	53	460.62	382.11
5	32	67	49	457.41	20.61
5	34	63	50	227.1	149.89
5	36	54	47	532.9	218.7
5	37	64	68	122.84	13.56
5	40	67	68	1110.13	47.75
5	42	64	65	494.49	11.89
6	1	70	61	217.5	26.04
6	2	63	50	721.65	85.1
6	3	78	46	482.79	17.94
6	5	75	67	183.23	0.93
6	6	63	57	636.2	489.3
7	2	64	49	727.92	246.9
7	4	72	57	372.68	44.41
7	6	66	53	399.37	128.85
8	1	68	43	371.75	184.71
9	1	67	27	210.94	23.91
9	4	50	36	313.42	1069.7
9	6	54	61	408.29	503.65
9	14	55	47	971.88	777.99
9	19	72	41	337.6	4.91
10	1	67	39	337.05	40.46
10	4	60	41	516.74	696.3
10	5	78	68	101.54	6.05
10	6	59	67	838.71	358.35
10	7	65	29	382.28	60.69
10	9	63	29	405.04	64.4
10	10	64	35	193.12	6.76
11	2	63	33	502.08	206.96
12	4	50	44	359.94	348.34
12	5	61	48	165.14	48.94
12	6	74	68	281.23	26.56
12	9	66	61	122.9	28.32
12	11	65	46	239.16	41.26
12	17	65	53	471.23	124.13
12	19	64	45	193.21	16.24
12	20	69	49	251.63	57.71
12	21	53	54	394.41	69.49
13	2	53	35	444.42	332.88
13	5	56	35	689.09	244.99
13	6	73	69	333.72	11.74
13	8	62	42	551.48	130.24
13	10	61	51	35.79	24.92
14	5	64	47	420.73	115.7
14	6	64	50	523.11	175.95
15	2	73	46	388.87	119.26
15	3	74	54	234.58	13.48
15	4	64	43	545.76	149.04
16	2	61	41	8.4	84.1
16	3	70	53	371.43	4.93
16	4	74	65	468.87	23.64
16	7	59	55	411.7	432.4
17	2	66	55	202.32	68.39
18	3	73	54	354.7	18.89
19	4	60	57	343.1	34.37
19	5	84	47	344.93	15.4
19	6	70	50	337.2	63.01
19	10	67	51	235.95	121.06
20	2	54	58	876.78	750.49
20	3	57	45	600.94	164.86
20	4	71	63	323.83	8.58
20	7	76	55	150.59	1.31
20	8	72	50	128.4	2.19
20	9	70	62	450.8	14.87
20	11	60	52	680.82	415.66
20	12	54	39	434.2	143.89
20	14	63	44	137.56	3.54
20	15	64	45	234.43	7.99
20	18	23	30	9.46	77.1
21	2	42	49	152.29	623.78
21	4	28	39	35.79	216.17
21	5	28	35	16.92	281.45
21	6	35	49	100.94	320.22
21	8	25	40	7.74	157.8
22	3	37	53	202.52	512.21
22	6	41	50	198.62	341.34
22	7	47	39	215.06	338.13
22	8	42	45	516.24	768.79
22	9	32	55	9.56	210.84
23	1	39	52	58.2	250.28
23	2	45	46	394.1	380.93
24	1	33	44	96.28	221.53
24	2	49	58	1158.29	858.76
25	1	36	58	147.89	652.2
26	3	48	63	981.86	678.65
26	4	34	45	53.96	252.82
26	6	38	54	38.92	123.63
26	9	32	54	57.26	403.06
27	1	49	46	576.68	559.13
27	3	27	46	41.67	267.63
28	3	43	60	90.89	364.09
28	5	35	44	35.63	337.79
28	15	39	67	162.16	602.94
28	17	16	22	2.85	170.57
28	22	29	43	10.43	411.06
28	23	38	44	174.79	273.51
28	24	28	42	15.94	151.28
28	27	43	48	645.12	594.97
28	30	43	55	310.7	802.89
28	31	47	44	453.46	688.38
29	1	35	54	16.76	82.15
29	4	42	56	745.73	1006.64
29	5	47	60	718.02	756.11
29	6	38	39	583.01	738.09
29	8	48	62	242.78	581.89
29	10	39	35	44.33	302.21
30	1	29	57	1.15	143.21
31	2	28	38	13.96	125.68
31	6	26	36	43.49	884.75
31	9	19	47	47.94	244.03
31	11	38	56	860.77	561.07
31	14	25	48	13.24	419.01
31	15	25	38	6.68	211.96
31	17	23	38	2.39	96.00
31	19	30	55	0.52	226.09
32	1	48	39	253.59	484.58
32	2	35	53	81.63	358.7
32	5	28	33	0.3	318.82
33	4	28	46	58.56	279.81
34	1	24	34	1.64	234.96
34	3	37	52	23.1	250.48
34	6	37	62	12.00	121.43
34	7	32	40	203.58	507.36
34	8	43	62	507.68	1089.61
34	13	33	44	60.67	225.41
34	15	43	45	355.02	752.33
34	23	38	44	106.46	336.67
35	1	44	58	801.29	385.4
36	1	36	39	82.04	118.7
36	3	46	67	354.58	641.43
36	4	48	68	630.91	1143.35
37	1	28	53	199.42	632.1
38	6	24	61	12.62	454.35
39	1	38	53	94.48	505.61
39	5	39	50	179.2	646.22
39	6	32	38	17.41	654.26
39	13	48	64	476.22	384.74
39	14	47	58	645.99	600.11
39	23	35	51	6.36	187.3
39	26	31	32	189.78	314.9
40	1	40	28	391.93	426.9
40	2	43	60	254.82	676.47
41	1	27	40	30.3	284.7
41	10	32	43	241.45	758.36
42	1	45	51	625.93	1321.02
42	3	50	49	354.14	684.21
42	5	24	52	13.53	476.46
42	6	32	50	37.62	288.17
42	8	29	44	12.6	300.05
43	1	25	49	15.22	103.15
43	4	39	42	32.04	152.27
44	3	32	53	22.63	359.8
44	5	36	36	197.46	1278.53
44	7	38	46	202.59	450.72
44	8	30	47	14.42	227.82
